 2013
 1
 20
 1000.000    
 0.0000000E+00
 6.6889799E-03
 1.6664810E-02
 2.9850658E-02
 4.6092853E-02
 6.5160900E-02
 8.6747445E-02
 0.1104683    
 0.1358625    
 0.1623922    
 0.1894427    
 0.2163225    
 0.2423597    
 0.2676148    
 0.2932003    
 0.3212595    
 0.3540880    
 0.3929935    
 0.4382184    
 0.4889410    
 0.5432813    
 0.5988134    
 0.6534330    
 0.7054418    
 0.7535473    
 0.7968626    
 0.8349071    
 0.8676056    
 0.8952892    
 0.9186494    
 0.9384074    
 0.9551644    
 0.9694013    
 0.9814793    
 0.9916388    
 1.000000    
 0.0000000E+00
 0.0000000E+00
 0.0000000E+00
 0.0000000E+00
 0.0000000E+00
 0.0000000E+00
 0.0000000E+00
 0.0000000E+00
 0.0000000E+00
 0.0000000E+00
 0.0000000E+00
 0.0000000E+00
 0.0000000E+00
 0.0000000E+00
 1.2562501E-03
 9.0294601E-03
 2.9997930E-02
 6.8556711E-02
 0.1246752    
 0.1951336    
 0.2751124    
 0.3594755    
 0.4440574    
 0.5256395    
 0.6018108    
 0.6708947    
 0.7319197    
 0.7846100    
 0.8293834    
 0.8672771    
 0.8994052    
 0.9267080    
 0.9499437    
 0.9696831    
 0.9863063    
 1.000000    
 0.0000000E+00
 0.0000000E+00
 0.0000000E+00
 0.0000000E+00
 0.0000000E+00
 0.0000000E+00
 0.0000000E+00
 0.0000000E+00
 0.0000000E+00
 0.0000000E+00
 0.0000000E+00
 0.0000000E+00
 0.0000000E+00
 1.2562501E-03
 7.7732103E-03
 2.0968471E-02
 3.8558781E-02
 5.6118459E-02
 7.0458412E-02
 7.9978809E-02
 8.4363103E-02
 8.4581882E-02
 8.1582159E-02
 7.6171279E-02
 6.9083869E-02
 6.1025023E-02
 5.2690327E-02
 4.4773400E-02
 3.7893653E-02
 3.2128096E-02
 2.7302861E-02
 2.3235619E-02
 1.9739449E-02
 1.6623139E-02
 1.3693750E-02
 0.0000000E+00
 0.0000000E+00
 0.0000000E+00
 0.0000000E+00
 0.0000000E+00
 0.0000000E+00
 0.0000000E+00
 0.0000000E+00
 0.0000000E+00
 0.0000000E+00
 0.0000000E+00
 0.0000000E+00
 0.0000000E+00
 6.2812504E-04
 5.1428550E-03
 1.9513695E-02
 4.9277321E-02
 9.6615940E-02
 0.1599044    
 0.2351230    
 0.3172939    
 0.4017664    
 0.4848484    
 0.5637252    
 0.6363528    
 0.7014072    
 0.7582649    
 0.8069967    
 0.8483303    
 0.8833411    
 0.9130566    
 0.9383259    
 0.9598134    
 0.9779947    
 0.9931531    
 1000.000
 1670.905
 2671.480
 3994.021
 5623.113
 7535.638
 9700.769
 12079.97
 14627.01
 17287.94
 20001.10
 22697.15
 25308.68
 27841.77
 30281.99
 32316.67
 33506.24
 33541.01
 32448.38
 30468.88
 27897.34
 25005.59
 22000.38
 19034.17
 16219.17
 13634.58
 11329.63
 9324.458
 7610.347
 6152.646
 4911.918
 3854.164
 2951.607
 2183.162
 1534.859
 1000.000
 670.9047
 1000.576
 1322.541
 1629.092
 1912.525
 2165.130
 2379.204
 2547.038
 2660.928
 2713.165
 2696.044
 2611.531
 2533.092
 2440.223
 2034.681
 1189.566
 34.76570
 -1092.622
 -1979.501
 -2571.539
 -2891.750
 -3005.217
 -2966.207
 -2815.004
 -2584.583
 -2304.951
 -2005.173
 -1714.111
 -1457.700
 -1240.728
 -1057.754
 -902.5569
 -768.4449
 -648.3036
 -534.8586
 1335.452
 2171.193
 3332.751
 4808.567
 6579.375
 8618.203
 10890.37
 13353.49
 15957.47
 18644.52
 21349.12
 24002.91
 26575.22
 29061.88
 31299.33
 32911.46
 33523.62
 32994.70
 31458.63
 29183.12
 26451.47
 23502.98
 20517.27
 17626.67
 14926.87
 12482.11
 10327.04
 8467.402
 6881.497
 5532.283
 4383.041
 3402.886
 2567.385
 1859.010
 1267.429
 2.0000000E-02
 2.0000000E-02
 2.0000000E-02
 2.0000000E-02
 2.0000000E-02
 2.0000000E-02
 2.0000000E-02
 2.0000000E-02
 2.0000000E-02
 2.0000000E-02
 2.0000000E-02
 2.0000000E-02
 2.0000000E-02
 2.0000000E-02
 2.0000000E-02
 2.0000000E-02
 2.0000000E-02
 2.0000000E-02
 2.0000000E-02
 2.0000000E-02
 2.0000000E-02
 2.0000000E-02
 2.0000000E-02
 2.0000000E-02
 2.0000000E-02
 2.0000000E-02
 2.0000000E-02
 2.0000000E-02
 2.0000000E-02
 2.0000000E-02
 2.0000000E-02
 2.0000000E-02
 2.0000000E-02
 2.0000000E-02
 2.0000000E-02
 0.1000000    
 0.1000000    
 0.1000000    
 0.1000000    
 0.1000000    
 0.1000000    
 0.1000000    
 0.1000000    
 0.1000000    
 0.1000000    
 0.1000000    
 0.1000000    
 0.1000000    
 0.1000000    
 0.1000000    
 0.1000000    
 0.1000000    
 0.1000000    
 0.1000000    
 0.1000000    
 0.1000000    
 0.1000000    
 0.1000000    
 0.1000000    
 0.1000000    
 0.1000000    
 0.1000000    
 0.1000000    
 0.1000000    
 0.1000000    
 0.1000000    
 0.1000000    
 0.1000000    
 0.1000000    
 11629.76    
 0.0000000E+00
 0.0000000E+00
 87883.13    
-23.96466
-16.10808
-7.538120
0.4770736
4.443026
8.908876
13.82421
19.14180
22.62865
23.77173
23.93637
23.30667
22.65506
22.00780
21.51478
21.08406
19.22751
17.06193
15.60059
17.59960
17.45033
15.11776
13.63615
12.35257
9.398764
6.378477
3.729165
2.598425
1.768462
0.9887221
0.3172034
-0.2433920
-0.5018460
-0.5464255
-0.5831945
 -24.94793    
 -23.48667    
 -20.69091    
 -21.63382    
 -22.55670    
 -23.35815    
 -23.40508    
 -22.46470    
 -22.23800    
 -23.01654    
 -22.27328    
 -20.30912    
 -19.14633    
 -18.42822    
 -17.75896    
 -17.09691    
 -16.00343    
 -15.19610    
 -15.14524    
 -16.54972    
 -16.19658    
 -11.99950    
 -7.013371    
 -3.407475    
 -1.523440    
 -0.3276836    
 0.6485810    
 1.428756    
 1.998190    
 2.298370    
 2.547636    
 2.755786    
 2.777099    
 2.773678    
 2.770856    
 211.2979    
 200.0271    
 201.6343    
 203.1707    
 204.0472    
 206.6172    
 209.8471    
 213.4505    
 215.5003    
 215.4873    
 216.3365    
 217.8711    
 220.9298    
 224.7055    
 229.3471    
 234.5522    
 239.6286    
 244.8210    
 249.8988    
 253.5194    
 257.0355    
 260.6347    
 263.7609    
 266.8867    
 269.9707    
 272.7471    
 275.0878    
 277.0266    
 277.9961    
 278.5742    
 279.0543    
 279.2091    
 279.2489    
 279.2821    
 279.3095    
 2.6732125E-06
 2.3457310E-06
 3.3712327E-06
 3.0716212E-06
 2.6869736E-06
 2.5952695E-06
 2.9162652E-06
 3.8986332E-06
 6.6230382E-06
 1.6559658E-05
 3.0764277E-05
 4.4536297E-05
 6.6730965E-05
 1.0079103E-04
 1.6055169E-04
 2.6610037E-04
 4.1089219E-04
 6.4174115E-04
 1.0038698E-03
 1.3464409E-03
 1.5792093E-03
 1.4950999E-03
 1.3779023E-03
 1.2691573E-03
 1.0674307E-03
 7.0201041E-04
 5.3727638E-04
 4.4441217E-04
 5.7737570E-04
 8.3121599E-04
 1.1248910E-03
 1.3700103E-03
 1.5835240E-03
 1.7872036E-03
 1.9748027E-03
 0.0000000E+00
 0.0000000E+00
 0.0000000E+00
 0.0000000E+00
 0.0000000E+00
 0.0000000E+00
 0.0000000E+00
 0.0000000E+00
 0.0000000E+00
 0.0000000E+00
 0.0000000E+00
 0.0000000E+00
 3.5172757E-11
 2.2521753E-07
 4.9734481E-06
 7.0525548E-06
 1.0332424E-05
 1.4508143E-05
 1.8580671E-05
 2.2116434E-05
 5.5229530E-06
 0.0000000E+00
 0.0000000E+00
 0.0000000E+00
 0.0000000E+00
 0.0000000E+00
 0.0000000E+00
 0.0000000E+00
 0.0000000E+00
 1.3131855E-10
 3.3113452E-09
 1.0250206E-09
 9.3597081E-11
 1.2672279E-11
 0.0000000E+00
 0.0000000E+00
 0.0000000E+00
 0.0000000E+00
 0.0000000E+00
 0.0000000E+00
 0.0000000E+00
 0.0000000E+00
 0.0000000E+00
 0.0000000E+00
 0.0000000E+00
 0.0000000E+00
 0.0000000E+00
 0.0000000E+00
 0.0000000E+00
 0.0000000E+00
 0.0000000E+00
 0.0000000E+00
 0.0000000E+00
 0.0000000E+00
 0.0000000E+00
 0.0000000E+00
 0.0000000E+00
 0.0000000E+00
 0.0000000E+00
 0.0000000E+00
 0.0000000E+00
 0.0000000E+00
 0.0000000E+00
 0.0000000E+00
 0.0000000E+00
 0.0000000E+00
 0.0000000E+00
 0.0000000E+00
 0.0000000E+00
 0.0000000E+00
 1000.000    
 1670.905    
 2671.480    
 3994.021    
 5623.113    
 7535.638    
 9700.768    
 12079.97    
 14627.01    
 17287.94    
 20001.10    
 22697.14    
 25308.68    
 27841.77    
 30392.39    
 33110.21    
 36142.55    
 39565.98    
 43405.23    
 47617.83    
 52075.08    
 56597.43    
 61025.53    
 65229.02    
 69108.18    
 72594.90    
 75653.02    
 78278.44    
 80499.16    
 82371.66    
 83954.45    
 85296.16    
 86435.62    
 87401.94    
 88214.52    
 88883.12    
 0.5329545    
 0.1324444    
 1.000000    
 0.5370000    
 269.6137    
 0.0000000E+00
 46.79165    
 0.9800000    
 233.9582    
 0.0000000E+00
 273.2457    
 0.0000000E+00
 0.0000000E+00
 0.1000000    
 1.189000    
 1.189000    
 271.4630
 273.9317
 274.9559
 276.4501    
 0.4241848
 0.3534885
 0.2716675
 0.2941388    
 0.4241848
 0.3534885
 0.2716675
 0.2941388    
 3
 1
 9.9999998E-03
 0.1000000
 0.3000000
 0.6000000
 1.000000    
 0.9031160    
 -2.206560    
